2022;1;28;14;45;46;145758.64;44.30;30.40;54.44;38.75;42.00;41.63
2022;1;28;14;46;35;158289.02;44.10;30.80;54.69;38.75;42.25;41.94
2022;1;28;14;47;28;156294.36;42.30;33.70;54.25;38.56;42.31;41.19
2022;1;28;14;52;47;152540.25;46.60;28.40;57.75;40.38;44.63;44.38
2022;1;28;15;25;47;136595.23;38.30;40.10;57.88;37.56;40.94;41.25
2022;1;28;15;27;49;139731.47;38.10;40.20;57.81;36.81;41.19;39.50
2022;1;28;15;34;41;135032.17;37.20;42.20;55.88;36.00;42.25;37.69
2022;1;28;15;35;35;135296.34;37.20;42.20;55.56;35.94;41.69;37.00
2022;1;28;15;36;30;134790.48;37.30;42.00;56.19;35.94;42.38;36.75
2022;1;28;15;37;24;133277.77;37.70;41.50;56.63;36.06;42.75;36.69
2022;1;28;15;38;19;132008.25;38.10;40.20;56.75;35.88;41.69;36.50
2022;1;28;15;39;14;130757.47;37.30;41.50;57.38;36.25;41.69;36.56
2022;1;28;15;40;9;129649.98;37.90;41.30;57.75;37.19;40.63;37.19
2022;1;28;15;41;4;127969.72;38.60;40.20;58.31;38.19;39.69;38.19
2022;1;28;15;41;59;130182.64;38.90;38.80;56.81;38.00;37.69;38.56
2022;1;28;15;42;54;128877.47;38.70;38.80;56.50;38.44;37.25;38.63
2022;1;28;15;43;49;125948.14;38.40;39.20;57.31;39.19;37.19;39.13
2022;1;28;15;44;44;127116.34;38.40;39.80;56.63;38.81;36.44;39.06
2022;1;28;15;45;39;126200.73;38.50;39.20;54.31;38.00;36.38;38.75
2022;1;28;15;46;35;125499.35;37.70;40.50;54.44;38.25;37.38;39.06
2022;1;28;15;47;30;126560.65;37.30;41.40;54.31;38.44;37.88;39.13
2022;1;28;15;48;26;125029.04;37.00;42.00;54.44;38.50;38.81;38.94
2022;1;28;15;49;22;123556.88;36.60;43.20;53.31;38.63;38.75;39.06
2022;1;28;15;50;17;124967.88;36.40;42.60;52.81;38.38;38.88;38.94
2022;1;28;15;51;13;123875.17;36.30;42.60;52.13;37.56;38.75;38.19
2022;1;28;15;52;9;123944.02;35.50;44.60;51.56;37.13;38.38;38.13
2022;1;28;15;53;5;123766.22;35.40;45.10;51.94;38.06;38.88;38.63
2022;1;28;15;54;2;123586.59;35.90;44.50;50.69;37.63;38.44;38.44
2022;1;28;15;54;58;121964.66;35.80;44.20;51.00;37.56;38.25;38.31
2022;1;28;15;55;54;122171.16;35.70;44.00;51.69;37.81;38.81;38.75
2022;1;28;15;56;50;120918.56;35.90;44.10;51.00;37.56;38.44;38.63
2022;1;28;15;57;47;120747.03;35.80;43.90;50.44;37.56;38.31;38.44
2022;1;28;15;58;43;120059.25;35.60;44.60;49.88;37.25;38.06;38.25
2022;1;28;15;59;40;118580.61;35.40;45.00;50.44;38.25;39.19;38.75
2022;1;28;16;0;36;116706.57;35.80;44.30;51.31;39.44;40.31;39.06
2022;1;28;16;1;32;116332.27;36.40;43.40;52.06;40.25;41.38;39.19
2022;1;28;16;2;29;116270.30;36.70;42.60;51.81;39.63;40.50;38.88
2022;1;28;16;3;25;115629.05;36.90;42.10;51.31;38.88;39.31;38.44
2022;1;28;16;4;21;115151.67;36.70;42.70;50.13;37.94;38.38;38.25
2022;1;28;16;5;18;114152.27;36.30;43.10;50.00;37.63;38.06;38.00
2022;1;28;16;6;14;111103.66;36.00;44.20;50.38;38.19;38.56;37.94
2022;1;28;16;7;11;111752.23;35.80;44.50;49.81;38.38;38.88;38.13
2022;1;28;16;8;7;111489.38;36.20;44.40;49.50;38.31;38.81;38.19
2022;1;28;16;9;4;110622.71;36.50;43.60;48.63;38.00;38.25;37.94
2022;1;28;16;10;0;112329.87;36.20;43.60;48.63;37.56;37.94;37.69
2022;1;28;16;10;57;110933.84;36.00;44.20;48.25;37.38;37.75;37.56
2022;1;28;16;11;54;110279.21;36.10;44.10;47.88;37.44;37.69;37.44
2022;1;28;16;12;51;109576.93;36.10;44.10;47.06;36.63;36.75;36.88
2022;1;28;16;13;48;109840.02;35.60;44.70;46.25;36.75;36.81;36.81
2022;1;28;16;14;45;108089.71;35.50;45.30;46.19;37.38;37.56;37.13
2022;1;28;16;15;42;107832.69;36.00;44.90;46.56;38.25;38.56;37.44
2022;1;28;16;16;39;106984.63;36.70;43.60;47.00;38.81;39.19;37.69
2022;1;28;16;17;36;104694.49;37.60;41.60;47.06;39.19;39.56;37.75
2022;1;28;16;18;33;103718.16;38.30;40.50;46.69;38.75;39.00;37.50
2022;1;28;16;19;30;104914.28;38.60;39.00;46.19;38.00;38.00;37.19
2022;1;28;16;20;27;103465.12;37.80;40.00;45.63;37.81;37.94;37.13
2022;1;28;16;21;24;102778.57;37.70;40.20;45.44;37.56;37.69;37.06
2022;1;28;16;22;21;102094.92;37.40;40.80;45.44;37.75;38.00;37.06
2022;1;28;16;23;18;99534.66;37.50;40.80;45.25;37.50;37.69;36.88
2022;1;28;16;24;16;98902.06;37.50;40.80;45.13;36.94;36.94;36.50
2022;1;28;16;25;13;97214.41;36.90;41.80;44.81;36.75;36.69;36.31
2022;1;28;16;26;10;97335.05;36.50;43.00;44.19;37.00;36.88;36.31
2022;1;28;16;27;7;96205.95;36.50;43.20;44.44;36.94;36.88;36.19
2022;1;28;16;28;5;95390.62;36.50;43.10;43.81;37.00;36.94;36.25
2022;1;28;16;29;2;96959.62;36.50;43.20;43.50;37.06;37.13;36.31
2022;1;28;16;29;59;95463.91;36.50;43.20;43.50;36.94;36.94;36.19

2022;2;2;15;2;8;745.34;33.60;54.80;32.88;32.50;32.88;32.75
2022;2;2;15;3;41;606.49;33.60;55.00;32.88;32.44;32.81;32.69
2022;2;2;15;4;26;502.66;33.50;55.10;32.81;32.44;32.75;32.63
2022;2;2;15;5;9;500.08;33.50;54.80;32.81;32.38;32.75;32.63
2022;2;2;15;5;44;506.79;33.50;54.70;32.75;32.38;32.69;32.63
2022;2;2;15;6;39;555.44;33.50;55.50;32.69;32.31;32.69;32.56
2022;2;2;15;7;23;548.37;33.40;55.40;32.69;32.31;32.63;32.56
2022;2;2;15;7;59;537.68;33.40;55.80;32.63;32.25;32.63;32.50
2022;2;2;15;8;43;546.58;33.30;55.40;32.63;32.25;32.63;32.50
2022;2;2;15;9;36;579.25;33.30;55.30;32.56;32.25;32.63;32.50
2022;2;2;15;10;20;601.21;33.30;55.40;32.56;32.25;32.56;32.50
2022;2;2;15;11;4;480.07;33.30;55.60;32.56;32.25;32.56;32.44
2022;2;2;15;11;47;502.49;33.30;55.10;32.56;32.19;32.50;32.44
2022;2;2;15;12;31;414.28;33.30;54.80;32.44;32.19;32.44;32.38
2022;2;2;15;13;14;358.81;33.10;56.40;32.38;32.13;32.44;32.31
2022;2;2;15;13;57;347.06;33.10;55.90;32.31;32.06;32.38;32.25
2022;2;2;15;14;39;431.87;33.00;56.00;32.25;32.00;32.25;32.19
2022;2;2;15;15;23;522.58;33.00;56.30;32.25;31.94;32.25;32.13
2022;2;2;15;16;13;516.88;33.00;56.40;32.25;32.00;32.19;32.13
2022;2;2;15;16;56;553.17;32.90;56.60;32.19;31.94;32.19;32.06
2022;2;2;15;17;29;617.78;32.80;56.70;32.19;31.94;32.19;32.13
2022;2;2;15;18;13;672.85;32.80;57.20;32.19;31.94;32.19;32.06
2022;2;2;15;18;57;631.30;32.80;57.20;32.25;32.00;32.19;32.13
2022;2;2;15;19;38;470.13;32.90;57.00;32.19;32.00;32.19;32.13
2022;2;2;15;20;21;407.10;32.80;57.20;32.19;32.00;32.19;32.13
2022;2;2;15;21;5;298.37;32.90;56.80;32.19;32.00;32.19;32.06
2022;2;2;15;21;48;295.31;32.80;57.00;32.13;31.94;32.13;32.06
2022;2;2;15;22;28;413.72;32.70;57.50;32.13;31.88;32.13;32.06
2022;2;2;15;23;11;439.04;32.60;57.60;32.13;31.88;32.06;32.00
2022;2;2;15;23;54;425.99;32.50;57.50;32.06;31.88;32.06;32.00
2022;2;2;15;24;37;427.11;32.50;58.00;32.06;31.88;32.06;32.00
2022;2;2;15;25;21;357.96;32.40;57.60;32.06;31.88;32.00;32.00
2022;2;2;15;26;2;314.57;32.50;57.50;32.06;31.81;32.00;31.94
2022;2;2;15;26;10;298.79;32.50;57.70;32.06;31.81;32.00;31.94
2022;2;2;15;26;53;326.71;32.50;58.70;32.06;31.81;32.00;31.94
2022;2;2;15;27;34;429.88;32.50;58.30;32.00;31.81;31.94;31.94
2022;2;2;15;28;20;472.79;32.50;57.80;32.00;31.81;31.94;31.94
2022;2;2;15;29;3;508.84;32.50;57.70;32.00;31.81;32.00;31.94
2022;2;2;15;29;48;470.64;32.50;57.70;32.06;31.88;32.00;31.94
2022;2;2;15;30;47;603.00;32.50;60.20;32.38;32.31;32.44;32.25
2022;2;2;15;31;33;793.16;32.50;61.70;32.44;32.50;32.63;32.50
2022;2;2;15;32;19;683.55;32.40;61.50;32.50;32.56;32.56;32.63
2022;2;2;15;33;1;6203.43;32.50;69.30;32.56;32.69;32.69;32.75
2022;2;2;15;33;52;5984.74;33.10;68.20;32.69;32.88;32.81;32.88
2022;2;2;15;34;42;6154.87;33.90;60.50;32.81;33.00;32.94;33.00
2022;2;2;15;35;33;5791.75;34.80;57.90;32.94;33.19;33.06;33.13
2022;2;2;15;36;23;5603.72;35.90;58.00;33.00;33.19;33.13;33.25
2022;2;2;15;37;13;5633.46;36.60;53.10;33.06;33.25;33.19;33.31
2022;2;2;15;38;2;4772.88;37.60;56.90;33.06;33.25;33.13;33.25
2022;2;2;15;38;5;3222.23;37.60;53.50;33.00;33.19;33.13;33.25
2022;2;2;15;38;34;5146.27;37.60;51.40;33.00;33.19;33.13;33.25
2022;2;2;15;39;23;5297.92;38.60;55.80;32.94;33.13;33.06;33.19
2022;2;2;15;39;39;5256.81;38.60;53.90;32.94;33.06;33.00;33.19
2022;2;2;15;40;45;403.06;39.00;51.80;32.94;33.06;33.00;33.13
2022;2;2;15;41;13;1971.52;39.00;47.30;32.88;33.06;33.00;33.13
2022;2;2;15;42;0;4457.88;38.80;46.80;32.94;33.06;33.00;33.19
2022;2;2;15;42;52;988.76;39.00;49.50;32.88;33.06;32.94;33.19
