2022;2;2;14;45;55;15.77;33.60;55.00
2022;2;2;14;45;56;15.80;33.60;55.00
2022;2;2;14;45;56;15.85;33.60;55.00
2022;2;2;14;45;57;15.84;33.60;54.70
2022;2;2;14;45;58;15.85;33.60;54.70
2022;2;2;14;45;59;15.85;33.60;54.70
2022;2;2;14;46;0;15.84;33.60;54.70
2022;2;2;14;46;1;15.84;33.60;54.70
2022;2;2;14;46;2;15.84;33.60;54.70
2022;2;2;14;46;2;15.84;33.60;54.60
2022;2;2;14;46;3;15.85;33.60;54.60
2022;2;2;14;46;4;15.84;33.60;54.60
2022;2;2;14;46;5;15.84;33.60;54.60
2022;2;2;14;46;6;15.84;33.60;54.60
2022;2;2;14;46;7;15.84;33.60;54.60
2022;2;2;14;46;8;15.84;33.60;54.60
2022;2;2;14;46;9;15.84;33.60;54.60
2022;2;2;14;46;9;15.84;33.60;54.60
2022;2;2;14;46;10;15.84;33.60;54.50
2022;2;2;14;46;11;15.84;33.60;54.50
2022;2;2;14;46;12;15.84;33.60;54.50
2022;2;2;14;46;13;15.84;33.60;54.40
2022;2;2;14;46;14;15.84;33.60;54.40
2022;2;2;14;46;15;15.84;33.60;54.40
2022;2;2;14;46;15;15.84;33.60;54.40
2022;2;2;14;47;7;15.82;33.60;54.40
2022;2;2;14;47;8;15.83;33.60;54.40
2022;2;2;14;47;9;15.83;33.60;54.40
2022;2;2;14;47;10;15.82;33.60;54.60
2022;2;2;14;47;11;15.83;33.60;54.60
2022;2;2;14;47;12;15.83;33.60;54.60
2022;2;2;14;47;12;15.82;33.60;54.40
2022;2;2;14;47;13;15.83;33.60;54.40
2022;2;2;14;47;14;15.83;33.60;54.40
2022;2;2;14;47;15;15.83;33.60;54.30
2022;2;2;14;47;16;15.83;33.60;54.30
2022;2;2;14;47;17;15.82;33.60;54.30
2022;2;2;14;47;18;15.82;33.60;54.10
2022;2;2;14;47;19;15.83;33.60;54.10
2022;2;2;14;47;19;15.82;33.60;54.10
2022;2;2;14;47;20;15.82;33.60;54.00
2022;2;2;14;47;21;15.82;33.60;54.00
2022;2;2;14;47;22;15.82;33.60;54.00
2022;2;2;14;47;23;15.82;33.60;53.90
2022;2;2;14;47;24;15.82;33.60;53.90
2022;2;2;14;47;25;15.82;33.60;53.90
2022;2;2;14;47;25;15.82;33.70;53.80
2022;2;2;14;47;26;15.82;33.70;53.80
2022;2;2;14;47;27;15.82;33.70;53.80
2022;2;2;14;47;28;15.82;33.70;53.70
2022;2;2;14;47;29;15.82;33.70;53.70
2022;2;2;14;47;30;15.82;33.70;53.70
2022;2;2;14;47;31;15.81;33.60;53.70
2022;2;2;14;47;32;15.81;33.60;53.70
2022;2;2;14;47;32;15.81;33.60;53.70
2022;2;2;14;47;33;15.81;33.70;53.70
2022;2;2;14;47;34;15.66;33.70;53.70
2022;2;2;14;47;35;15.63;33.70;53.70
2022;2;2;14;47;36;15.62;33.70;53.60
2022;2;2;14;47;37;15.62;33.70;53.60
2022;2;2;14;47;38;15.63;33.70;53.60
2022;2;2;14;47;39;15.63;33.70;53.70
2022;2;2;14;47;8;15.49;33.70;55.40
2022;2;2;14;47;8;15.50;33.70;55.40
2022;2;2;14;47;9;15.50;33.70;55.40
2022;2;2;14;47;10;15.49;33.70;55.70
2022;2;2;14;47;11;15.49;33.70;55.70
2022;2;2;14;47;12;15.49;33.70;55.70
2022;2;2;14;47;13;15.48;33.70;55.60
2022;2;2;14;47;14;15.48;33.70;55.60
2022;2;2;14;47;15;15.48;33.70;55.60
2022;2;2;14;47;15;15.48;33.70;55.50
2022;2;2;14;47;16;15.48;33.70;55.50
2022;2;2;14;47;17;15.48;33.70;55.50
2022;2;2;14;47;18;15.47;33.70;55.30
2022;2;2;14;47;19;15.47;33.70;55.30
2022;2;2;14;47;20;15.47;33.70;55.30
2022;2;2;14;47;21;15.47;33.70;55.20
2022;2;2;14;47;22;15.47;33.70;55.20
2022;2;2;14;47;8;15.47;33.70;55.10
2022;2;2;14;47;8;15.49;33.70;55.10
2022;2;2;14;47;9;15.49;33.70;55.10
2022;2;2;14;47;10;15.49;33.70;54.80
2022;2;2;14;47;11;15.50;33.70;54.80
2022;2;2;14;47;12;15.51;33.70;54.80
2022;2;2;14;47;13;15.51;33.70;54.80
2022;2;2;14;47;14;15.51;33.70;54.80
2022;2;2;14;47;15;15.50;33.70;54.80
2022;2;2;14;47;15;15.50;33.70;54.80
2022;2;2;14;47;16;15.49;33.70;54.80
2022;2;2;14;47;17;15.49;33.70;54.80
2022;2;2;14;47;18;15.49;33.70;54.90
2022;2;2;14;47;19;15.49;33.70;54.90
2022;2;2;14;47;20;15.50;33.70;54.90
2022;2;2;14;47;21;15.50;33.70;55.00
2022;2;2;14;47;22;15.51;33.70;55.00
2022;2;2;14;47;22;15.51;33.70;55.00
2022;2;2;14;47;23;15.52;33.80;54.90
2022;2;2;14;47;24;15.52;33.80;54.90
2022;2;2;14;47;25;15.51;33.80;54.90
2022;2;2;14;47;37;15.56;33.80;54.70
2022;2;2;14;47;38;15.57;33.80;54.70
2022;2;2;14;47;39;15.58;33.80;54.70
2022;2;2;14;47;40;15.58;33.80;53.80
2022;2;2;14;47;41;15.57;33.80;53.80
2022;2;2;14;47;42;15.56;33.80;53.80
2022;2;2;14;47;43;15.55;33.80;53.80
2022;2;2;14;47;44;15.55;33.80;53.80
2022;2;2;14;47;44;15.53;33.80;53.80
2022;2;2;14;47;45;15.52;33.80;53.70
2022;2;2;14;47;46;15.51;33.80;53.70
2022;2;2;14;47;47;15.50;33.80;53.70
2022;2;2;14;47;48;15.49;33.80;53.70
2022;2;2;14;47;49;15.48;33.80;53.70
2022;2;2;14;47;50;15.47;33.80;53.70
2022;2;2;14;47;50;15.48;33.80;53.70
2022;2;2;14;47;51;15.47;33.80;53.70
2022;2;2;14;47;52;15.47;33.80;53.70
2022;2;2;14;47;53;15.47;33.80;53.70
2022;2;2;14;47;54;15.48;33.80;53.70
2022;2;2;14;47;55;15.47;33.80;53.70
2022;2;2;14;47;56;15.47;33.80;53.60
2022;2;2;14;47;57;15.47;33.80;53.60
2022;2;2;14;47;57;15.46;33.80;53.60
2022;2;2;14;47;58;15.46;33.80;53.60
2022;2;2;14;47;59;15.46;33.80;53.60
2022;2;2;14;48;0;15.46;33.80;53.60
2022;2;2;14;48;1;15.46;33.80;53.60
2022;2;2;14;48;2;15.46;33.80;53.60
2022;2;2;14;48;3;15.47;33.80;53.60
2022;2;2;14;48;4;15.47;33.80;53.50
2022;2;2;14;48;4;15.47;33.80;53.50
2022;2;2;14;48;5;15.47;33.80;53.50
2022;2;2;14;48;6;15.47;33.80;53.50
2022;2;2;14;48;14;15.45;33.80;53.60
2022;2;2;14;48;15;15.45;33.80;53.60
2022;2;2;14;48;15;15.45;33.80;53.60
2022;2;2;14;48;16;15.44;33.80;53.80
2022;2;2;14;48;17;15.44;33.80;53.80
2022;2;2;14;48;18;15.44;33.80;53.80
2022;2;2;14;48;19;15.44;33.80;53.80
2022;2;2;14;48;20;15.45;33.80;53.80
2022;2;2;14;48;21;15.45;33.80;53.80
2022;2;2;14;48;22;15.46;33.80;53.90
2022;2;2;14;48;22;15.48;33.80;53.90
2022;2;2;14;48;23;15.45;33.80;53.90
2022;2;2;14;48;24;15.45;33.80;53.80
2022;2;2;14;48;25;15.45;33.80;53.80
2022;2;2;14;48;26;15.45;33.80;53.80
2022;2;2;14;48;27;15.45;33.80;53.80
2022;2;2;14;48;28;15.45;33.80;53.80
2022;2;2;14;48;29;15.45;33.80;53.80
2022;2;2;14;48;29;15.45;33.80;53.70
2022;2;2;14;48;30;15.45;33.80;53.70
2022;2;2;14;48;31;15.46;33.80;53.70
2022;2;2;14;48;32;15.45;33.80;53.70
2022;2;2;14;48;33;15.46;33.80;53.70
2022;2;2;14;48;34;15.46;33.80;53.70
2022;2;2;14;48;35;15.46;33.80;53.60
2022;2;2;14;48;47;15.49;33.80;53.60
2022;2;2;14;48;48;15.50;33.80;53.60
2022;2;2;14;48;49;15.50;33.80;53.60
2022;2;2;14;48;50;15.49;33.80;54.50
2022;2;2;14;48;50;15.49;33.80;54.50
2022;2;2;14;48;51;15.49;33.80;54.50
2022;2;2;14;48;52;15.49;33.80;54.60
2022;2;2;14;48;53;15.49;33.80;54.60
2022;2;2;14;48;54;15.48;33.80;54.60
2022;2;2;14;48;55;15.48;33.80;54.60
2022;2;2;14;48;56;15.48;33.80;54.60
2022;2;2;14;48;57;15.47;33.80;54.60
2022;2;2;14;48;57;15.47;33.80;55.10
2022;2;2;14;48;58;15.46;33.80;55.10
2022;2;2;14;48;59;15.46;33.80;55.10
2022;2;2;14;49;0;15.46;33.80;55.50
2022;2;2;14;49;1;15.46;33.80;55.50
2022;2;2;14;49;2;15.46;33.80;55.50
2022;2;2;14;49;3;15.45;33.80;55.90
2022;2;2;14;49;4;15.46;33.80;55.90
2022;2;2;14;49;4;15.46;33.80;55.90
2022;2;2;14;49;5;15.46;33.80;56.10
2022;2;2;14;49;6;15.50;33.80;56.10
2022;2;2;14;49;7;15.46;33.80;56.10
2022;2;2;14;49;8;15.47;33.80;56.10
2022;2;2;14;49;9;15.47;33.80;56.10
2022;2;2;14;49;10;15.49;33.80;56.10
2022;2;2;14;49;10;15.49;33.80;56.00
2022;2;2;14;49;11;15.51;33.80;56.00
2022;2;2;14;49;12;15.56;33.80;56.00
2022;2;2;14;49;13;15.53;33.80;56.10
2022;2;2;14;49;14;15.52;33.80;56.10
2022;2;2;14;49;15;15.60;33.80;56.10
2022;2;2;14;49;16;15.59;33.80;55.80
2022;2;2;14;51;0;15.50;33.80;55.50
2022;2;2;14;51;1;15.53;33.80;55.50
2022;2;2;14;51;2;15.48;33.80;55.50
2022;2;2;14;51;3;15.51;33.80;54.30
2022;2;2;14;51;4;15.53;33.80;54.30
2022;2;2;14;51;5;15.52;33.80;54.30
2022;2;2;14;51;5;15.45;33.80;54.30
2022;2;2;14;51;6;15.51;33.80;54.30
2022;2;2;14;51;7;15.51;33.80;54.30
2022;2;2;14;51;8;15.48;33.80;54.30
2022;2;2;14;51;9;15.49;33.80;54.30
2022;2;2;14;51;10;15.47;33.80;54.30
2022;2;2;14;51;11;15.49;33.80;54.30
2022;2;2;14;51;12;15.44;33.80;54.30
2022;2;2;14;51;12;15.49;33.80;54.30
2022;2;2;14;51;13;15.56;33.80;54.20
2022;2;2;14;51;14;15.42;33.80;54.20
2022;2;2;14;51;15;15.39;33.80;54.20
2022;2;2;14;51;16;15.45;33.80;54.20
2022;2;2;14;51;17;15.42;33.80;54.20
2022;2;2;14;51;18;15.48;33.80;54.20
2022;2;2;14;51;18;15.46;33.90;54.20
2022;2;2;14;51;19;15.42;33.90;54.20
2022;2;2;14;51;20;15.41;33.90;54.20
2022;2;2;14;51;21;15.43;33.80;54.20
2022;2;2;14;51;22;15.52;33.80;54.20
2022;2;2;14;51;23;15.51;33.80;54.20
2022;2;2;14;51;24;15.37;33.80;54.00
2022;2;2;14;51;25;15.36;33.80;54.00
2022;2;2;14;51;25;15.40;33.80;54.00
2022;2;2;14;51;26;15.40;33.80;53.90
2022;2;2;14;51;27;15.39;33.80;53.90
2022;2;2;14;51;28;15.39;33.80;53.90
2022;2;2;14;51;29;15.46;33.90;53.70
2022;2;2;14;51;30;15.50;33.90;53.70
2022;2;2;14;51;31;15.50;33.90;53.70
2022;2;2;14;51;31;15.49;33.90;53.70
2022;2;2;14;51;32;15.49;33.90;53.70
2022;2;2;14;51;33;15.49;33.90;53.70
2022;2;2;14;51;34;15.48;33.80;53.60
2022;2;2;14;51;35;15.48;33.80;53.60
2022;2;2;14;51;36;15.48;33.80;53.60
2022;2;2;14;51;37;15.47;33.90;53.50
2022;2;2;14;51;38;15.47;33.90;53.50
2022;2;2;14;51;38;15.47;33.90;53.50
2022;2;2;14;51;39;15.47;33.90;53.40
2022;2;2;14;51;40;15.47;33.90;53.40
2022;2;2;14;51;41;15.47;33.90;53.40
2022;2;2;14;51;42;15.47;33.90;53.30
2022;2;2;14;51;43;15.46;33.90;53.30
2022;2;2;14;51;44;15.46;33.90;53.30
2022;2;2;14;51;45;15.46;33.90;53.20
2022;2;2;14;51;45;15.45;33.90;53.20
2022;2;2;14;51;46;15.46;33.90;53.20
2022;2;2;14;51;47;15.45;33.90;53.30
2022;2;2;14;51;48;15.45;33.90;53.30
2022;2;2;14;51;49;15.44;33.90;53.30
2022;2;2;14;51;50;15.44;33.90;53.40
2022;2;2;14;51;51;15.44;33.90;53.40
2022;2;2;14;51;51;15.44;33.90;53.40
2022;2;2;14;51;52;15.44;34.00;53.60
2022;2;2;14;51;53;15.43;34.00;53.60
2022;2;2;14;51;54;15.43;34.00;53.60
2022;2;2;14;51;55;15.43;33.90;53.60
2022;2;2;14;51;56;15.43;33.90;53.60
2022;2;2;14;51;57;15.43;33.90;53.60
2022;2;2;14;51;58;15.43;33.90;53.70
2022;2;2;14;51;58;15.42;33.90;53.70
2022;2;2;14;51;59;15.42;33.90;53.70
2022;2;2;14;52;0;15.42;33.90;53.70
2022;2;2;14;52;1;15.42;33.90;53.70
2022;2;2;14;52;2;15.42;33.90;53.70
2022;2;2;14;52;3;15.41;33.90;53.70
2022;2;2;14;52;4;15.41;33.90;53.70
2022;2;2;14;52;4;15.28;33.90;53.70
2022;2;2;14;52;5;15.26;33.90;53.70
2022;2;2;14;52;6;15.24;33.90;53.70
2022;2;2;14;52;7;15.23;33.90;53.70
2022;2;2;14;52;8;15.23;33.90;53.60
2022;2;2;14;52;9;15.23;33.90;53.60
2022;2;2;14;52;21;15.22;33.80;53.40
2022;2;2;14;52;22;15.22;33.80;53.40
2022;2;2;14;52;23;15.22;33.80;53.40
2022;2;2;14;52;24;15.22;33.80;53.30
2022;2;2;14;52;25;15.22;33.80;53.30
2022;2;2;14;52;26;15.23;33.80;53.30
2022;2;2;14;52;26;15.23;33.80;53.30
2022;2;2;14;52;27;15.23;33.80;53.30
2022;2;2;14;52;28;15.23;33.80;53.30
2022;2;2;14;52;29;15.23;33.80;53.30
2022;2;2;14;52;30;15.23;33.80;53.30
2022;2;2;14;52;31;15.22;33.80;53.30
2022;2;2;14;52;32;15.23;33.80;53.40
2022;2;2;14;52;33;15.22;33.80;53.40
2022;2;2;14;52;33;15.23;33.80;53.40
2022;2;2;14;52;34;15.22;33.80;53.50
2022;2;2;14;52;35;15.22;33.80;53.50
2022;2;2;14;52;48;15.25;33.80;54.10
2022;2;2;14;52;49;15.26;33.80;54.10
2022;2;2;14;52;50;15.26;33.80;54.10
2022;2;2;14;52;51;15.26;33.80;53.40
2022;2;2;14;52;51;15.25;33.80;53.40
2022;2;2;14;52;52;15.26;33.80;53.40
2022;2;2;14;52;53;15.26;33.80;53.40
2022;2;2;14;52;54;15.26;33.80;53.40
2022;2;2;14;52;55;15.26;33.80;53.40
2022;2;2;14;52;56;15.28;33.80;53.40
2022;2;2;14;52;57;15.30;33.80;53.40
2022;2;2;14;52;57;15.31;33.80;53.40
2022;2;2;14;52;58;15.34;33.80;53.30
2022;2;2;14;52;59;15.35;33.80;53.30
2022;2;2;14;53;0;15.36;33.80;53.30
2022;2;2;14;53;1;15.38;33.80;53.30
2022;2;2;14;53;2;15.38;33.80;53.30
2022;2;2;14;53;3;15.39;33.80;53.30
2022;2;2;14;53;4;15.39;33.70;53.10
2022;2;2;14;53;4;15.39;33.70;53.10
2022;2;2;14;53;5;15.43;33.70;53.10
2022;2;2;14;53;6;15.39;33.70;53.00
2022;2;2;14;53;7;15.39;33.70;53.00
2022;2;2;14;53;8;15.41;33.70;53.00
2022;2;2;14;53;9;15.38;33.80;52.90
2022;2;2;14;53;21;15.40;33.70;52.90
2022;2;2;14;53;22;15.48;33.70;52.90
2022;2;2;14;53;23;15.43;33.70;52.90
2022;2;2;14;53;23;15.45;33.80;53.00
2022;2;2;14;53;24;15.43;33.80;53.00
2022;2;2;14;53;25;15.45;33.80;53.00
2022;2;2;14;53;26;15.44;33.80;52.90
2022;2;2;14;53;27;15.46;33.80;52.90
2022;2;2;14;53;28;15.45;33.80;52.90
2022;2;2;14;53;29;15.42;33.80;53.00
2022;2;2;14;53;29;15.45;33.80;53.00
2022;2;2;14;53;30;15.47;33.80;53.00
2022;2;2;14;53;31;15.47;33.80;53.00
2022;2;2;14;53;32;15.44;33.80;53.00
2022;2;2;14;53;33;15.46;33.80;53.00
2022;2;2;14;53;34;15.46;33.80;53.10
2022;2;2;14;53;35;15.50;33.80;53.10
2022;2;2;14;53;36;15.45;33.80;53.10
2022;2;2;14;53;36;15.45;33.80;53.30
2022;2;2;14;53;37;15.48;33.80;53.30
2022;2;2;14;53;38;15.48;33.80;53.30
2022;2;2;14;53;39;15.42;33.80;53.30
2022;2;2;14;53;40;15.39;33.80;53.30
2022;2;2;14;53;41;15.44;33.80;53.30
2022;2;2;14;53;42;15.43;33.80;53.40
2022;2;2;14;53;42;15.44;33.80;53.40
2022;2;2;14;53;43;15.38;33.80;53.40
2022;2;2;14;53;44;15.44;33.80;53.40
2022;2;2;14;53;45;15.44;33.80;53.40
2022;2;2;14;53;46;15.49;33.80;53.40
2022;2;2;14;53;47;15.50;33.80;53.50
2022;2;2;14;53;48;15.41;33.80;53.50
2022;2;2;14;53;49;15.46;33.80;53.50
2022;2;2;14;53;49;15.43;33.80;53.40
2022;2;2;14;53;50;15.44;33.80;53.40
2022;2;2;14;53;51;15.44;33.80;53.40
2022;2;2;14;53;52;15.43;33.80;53.30
2022;2;2;14;53;53;15.42;33.80;53.30
2022;2;2;14;53;54;15.49;33.80;53.30
2022;2;2;14;53;55;15.48;33.80;53.20
2022;2;2;14;53;56;15.49;33.80;53.20
2022;2;2;14;53;56;15.48;33.80;53.20
2022;2;2;14;53;57;15.47;33.80;53.20
2022;2;2;14;53;58;15.46;33.80;53.20
2022;2;2;14;53;59;15.44;33.80;53.20
2022;2;2;14;54;0;15.42;33.80;53.30
2022;2;2;14;54;1;15.41;33.80;53.30
2022;2;2;14;54;2;15.39;33.80;53.30
2022;2;2;14;54;2;15.38;33.80;53.20
2022;2;2;14;54;3;15.37;33.80;53.20
2022;2;2;14;54;4;15.37;33.80;53.20
2022;2;2;14;54;5;15.38;33.80;53.20
2022;2;2;14;54;6;15.40;33.80;53.20
2022;2;2;14;54;7;15.42;33.80;53.20
2022;2;2;14;54;8;15.44;33.80;53.20
2022;2;2;14;54;9;15.46;33.80;53.20
2022;2;2;14;54;9;15.46;33.80;53.20
2022;2;2;14;54;10;15.46;33.80;53.30
2022;2;2;14;54;11;15.46;33.80;53.30
2022;2;2;14;54;12;15.46;33.80;53.30
2022;2;2;14;54;13;15.46;33.80;53.30
2022;2;2;14;54;14;15.47;33.80;53.30
2022;2;2;14;54;15;15.48;33.80;53.30
2022;2;2;14;54;15;15.49;33.80;53.40
2022;2;2;14;54;16;15.50;33.80;53.40
2022;2;2;14;54;17;15.51;33.80;53.40
2022;2;2;14;54;18;15.52;33.80;53.40
2022;2;2;14;54;19;15.53;33.80;53.40
2022;2;2;14;54;20;15.53;33.80;53.40
2022;2;2;14;54;21;15.53;33.80;53.40
2022;2;2;14;54;22;15.53;33.80;53.40
2022;2;2;14;54;22;15.53;33.80;53.40
2022;2;2;14;54;23;15.52;33.90;53.40
2022;2;2;14;54;24;15.52;33.90;53.40
2022;2;2;14;54;25;15.51;33.90;53.40
2022;2;2;14;54;26;15.49;33.90;53.20
2022;2;2;14;54;27;15.46;33.90;53.20
2022;2;2;14;54;28;15.44;33.90;53.20
2022;2;2;14;54;29;15.42;33.80;53.00
2022;2;2;14;54;29;15.41;33.80;53.00
2022;2;2;14;54;30;15.40;33.80;53.00
2022;2;2;14;54;31;15.39;33.80;53.00
2022;2;2;14;54;32;15.38;33.80;53.00
2022;2;2;14;54;33;15.38;33.80;53.00
2022;2;2;14;54;34;15.37;33.90;53.00
2022;2;2;14;54;35;15.36;33.90;53.00
2022;2;2;14;54;35;15.37;33.90;53.00
2022;2;2;14;54;36;15.37;33.80;53.00
2022;2;2;14;54;37;15.38;33.80;53.00
2022;2;2;14;54;38;15.38;33.80;53.00
2022;2;2;14;54;39;15.38;33.80;53.10
2022;2;2;14;54;40;15.39;33.80;53.10
2022;2;2;14;54;41;15.39;33.80;53.10
2022;2;2;14;54;42;15.40;33.80;53.20
2022;2;2;14;54;42;15.42;33.80;53.20
2022;2;2;14;54;43;15.43;33.80;53.20
2022;2;2;14;54;44;15.43;33.80;53.20
2022;2;2;14;54;45;15.44;33.80;53.20
2022;2;2;14;54;46;15.45;33.80;53.20
2022;2;2;14;54;47;15.45;33.80;53.20
2022;2;2;14;54;48;15.45;33.80;53.20
2022;2;2;14;54;48;15.45;33.80;53.20
2022;2;2;14;54;49;15.45;33.80;53.30
2022;2;2;14;54;50;15.45;33.80;53.30
2022;2;2;14;54;51;15.44;33.80;53.30
2022;2;2;14;54;52;15.44;33.80;53.30
2022;2;2;14;54;53;15.44;33.80;53.30
2022;2;2;14;54;54;15.44;33.80;53.30
2022;2;2;14;54;55;15.44;33.80;53.30
2022;2;2;14;54;55;15.44;33.80;53.30
2022;2;2;14;54;56;15.26;33.80;53.30
2022;2;2;14;54;57;15.26;33.80;53.50
2022;2;2;14;54;58;15.26;33.80;53.50
2022;2;2;14;54;59;15.26;33.80;53.50
2022;2;2;14;55;0;15.26;33.80;53.70
2022;2;2;14;55;1;15.26;33.80;53.70
2022;2;2;14;55;1;15.27;33.80;53.70
2022;2;2;14;55;2;15.25;33.80;53.50
2022;2;2;14;55;3;15.25;33.80;53.50
2022;2;2;14;55;4;15.25;33.80;53.50
2022;2;2;14;55;5;15.25;33.80;53.40
2022;2;2;14;55;6;15.26;33.80;53.40
2022;2;2;14;55;7;15.26;33.80;53.40
2022;2;2;14;55;8;15.26;33.80;53.30
2022;2;2;14;55;8;15.26;33.80;53.30
2022;2;2;14;55;9;15.26;33.80;53.30
2022;2;2;14;55;10;15.26;33.80;53.30
2022;2;2;14;55;11;15.26;33.80;53.30
2022;2;2;14;55;12;15.26;33.80;53.30
2022;2;2;14;55;13;15.26;33.80;53.40
2022;2;2;14;55;14;15.26;33.80;53.40
2022;2;2;14;55;14;15.26;33.80;53.40
2022;2;2;14;55;15;15.26;33.80;53.40
2022;2;2;14;55;16;15.27;33.80;53.40
2022;2;2;14;55;17;15.27;33.80;53.40
2022;2;2;14;55;18;15.28;33.80;53.40
2022;2;2;14;55;19;15.29;33.80;53.40
2022;2;2;14;55;20;15.29;33.80;53.40
2022;2;2;14;55;21;15.29;33.80;53.40
2022;2;2;14;55;21;15.30;33.80;53.40
2022;2;2;14;55;22;15.30;33.80;53.40
2022;2;2;14;55;23;15.30;33.80;53.40
2022;2;2;14;55;24;15.30;33.80;53.40
2022;2;2;14;55;25;15.31;33.80;53.40
2022;2;2;14;55;26;15.32;33.80;53.40
2022;2;2;14;55;27;15.33;33.80;53.40
2022;2;2;14;55;28;15.34;33.80;53.40
2022;2;2;14;55;28;15.34;33.80;53.40
2022;2;2;14;55;29;15.34;33.80;53.40
2022;2;2;14;55;30;15.33;33.80;53.40
2022;2;2;14;55;31;15.31;33.80;53.40
2022;2;2;14;55;32;15.30;33.80;53.40
2022;2;2;14;55;33;15.28;33.80;53.40
2022;2;2;14;55;34;15.27;33.80;53.30
2022;2;2;14;55;34;15.26;33.80;53.30
2022;2;2;14;55;35;15.26;33.80;53.30
2022;2;2;14;55;36;15.26;33.80;53.40
2022;2;2;14;55;37;15.26;33.80;53.40
2022;2;2;14;55;38;15.26;33.80;53.40
2022;2;2;14;55;39;15.26;33.80;53.30
2022;2;2;14;55;40;15.26;33.80;53.30
2022;2;2;14;55;41;15.26;33.80;53.30
2022;2;2;14;55;41;15.26;33.80;53.30
2022;2;2;14;55;42;15.25;33.80;53.30
2022;2;2;14;55;43;15.25;33.80;53.30
2022;2;2;14;55;44;15.24;33.80;53.40
2022;2;2;14;55;45;15.24;33.80;53.40
2022;2;2;14;55;46;15.24;33.80;53.40
2022;2;2;14;55;47;15.24;33.80;53.80
2022;2;2;14;55;47;15.24;33.80;53.80
2022;2;2;14;55;48;15.23;33.80;53.80
2022;2;2;14;55;49;15.24;33.80;54.30
2022;2;2;14;55;50;15.25;33.80;54.30
2022;2;2;14;55;51;15.25;33.80;54.30
2022;2;2;14;55;52;15.26;33.80;54.20
2022;2;2;14;55;53;15.26;33.80;54.20
2022;2;2;14;55;54;15.27;33.80;54.20
2022;2;2;14;55;54;15.27;33.80;54.20
2022;2;2;14;55;55;15.28;33.80;54.20
2022;2;2;14;55;56;15.28;33.80;54.20
2022;2;2;14;55;57;15.29;33.80;54.10
2022;2;2;14;55;58;15.29;33.80;54.10
2022;2;2;14;55;59;15.29;33.80;54.10
2022;2;2;14;56;0;15.29;33.80;54.10
2022;2;2;14;56;1;15.28;33.80;54.10
2022;2;2;14;56;1;15.28;33.80;54.10
2022;2;2;14;56;2;15.28;33.80;54.10
2022;2;2;14;56;3;15.27;33.80;54.10
2022;2;2;14;56;4;15.27;33.80;54.10
2022;2;2;14;56;5;15.26;33.80;54.10
2022;2;2;14;56;6;15.27;33.80;54.10
2022;2;2;14;56;7;15.27;33.80;54.10
2022;2;2;14;56;7;15.28;33.80;54.10
2022;2;2;14;56;8;15.30;33.80;54.10
2022;2;2;14;56;9;15.32;33.80;54.10
2022;2;2;14;56;10;15.35;33.80;54.10
2022;2;2;14;56;11;15.37;33.80;54.10
2022;2;2;14;56;12;15.39;33.80;54.10
2022;2;2;14;56;13;15.40;33.80;54.10
2022;2;2;14;56;14;15.40;33.80;54.10
2022;2;2;14;56;14;15.41;33.80;54.10
2022;2;2;14;56;15;15.41;33.80;54.10
2022;2;2;14;56;16;15.42;33.80;54.10
2022;2;2;14;56;17;15.42;33.80;54.10
2022;2;2;14;56;18;15.40;33.70;54.10
2022;2;2;14;56;19;15.39;33.70;54.10
2022;2;2;14;56;20;15.36;33.70;54.10
2022;2;2;14;56;20;15.33;33.70;54.20
2022;2;2;14;56;21;15.29;33.70;54.20
2022;2;2;14;56;34;15.26;33.80;54.40;33.19;32.69;33.06;32.94
2022;2;2;14;56;35;15.27;33.80;54.40;33.19;32.69;33.06;32.94
2022;2;2;14;56;36;15.27;33.80;54.40;33.19;32.69;33.06;32.94
2022;2;2;14;56;37;15.27;33.70;54.50;33.19;32.69;33.06;32.94
2022;2;2;14;56;37;15.28;33.70;54.50;33.19;32.69;33.06;32.94
2022;2;2;14;56;38;15.27;33.70;54.50;33.19;32.69;33.06;32.94
2022;2;2;14;56;39;15.27;33.80;54.50;33.19;32.69;33.06;32.94
2022;2;2;14;56;40;15.26;33.80;54.50;33.19;32.69;33.06;32.94
2022;2;2;14;56;41;15.25;33.80;54.50;33.19;32.69;33.06;32.94
2022;2;2;14;56;42;15.24;33.80;54.50;33.19;32.69;33.06;32.94
2022;2;2;14;56;43;15.23;33.80;54.50;33.19;32.69;33.06;32.94
2022;2;2;14;56;44;15.23;33.80;54.50;33.19;32.69;33.06;33.00
2022;2;2;14;56;45;15.24;33.80;54.50;33.19;32.69;33.06;32.94
2022;2;2;14;56;46;15.23;33.80;54.50;33.19;32.69;33.06;32.94
2022;2;2;14;56;47;15.23;33.80;54.50;33.19;32.75;33.06;32.94
2022;2;2;14;56;48;15.22;33.80;54.40;33.19;32.69;33.06;32.94
2022;2;2;14;56;48;15.22;33.80;54.40;33.19;32.69;33.13;32.94
2022;2;2;14;56;49;15.23;33.80;54.40;33.19;32.69;33.06;32.94
2022;2;2;14;56;50;15.22;33.70;54.40;33.19;32.69;33.13;32.94
2022;2;2;14;56;51;15.21;33.70;54.40;33.19;32.75;33.06;32.94
2022;2;2;14;56;52;15.21;33.70;54.40;33.19;32.69;33.06;33.00
2022;2;2;14;56;53;15.20;33.80;54.30;33.19;32.69;33.06;32.94
2022;2;2;14;56;54;15.22;33.80;54.30;33.19;32.69;33.13;32.94
2022;2;2;14;56;55;15.20;33.80;54.30;33.19;32.69;33.06;32.94
2022;2;2;14;56;56;15.20;33.80;54.30;33.19;32.69;33.06;32.94
2022;2;2;14;56;57;15.19;33.80;54.30;33.19;32.69;33.06;32.94
2022;2;2;14;56;58;15.18;33.80;54.30;33.19;32.75;33.06;32.94
2022;2;2;14;56;59;15.17;33.80;54.30;33.19;32.69;33.06;32.94
2022;2;2;14;57;0;15.16;33.80;54.30;33.19;32.69;33.06;32.94
2022;2;2;14;57;0;15.15;33.80;54.30;33.13;32.69;33.06;32.94
2022;2;2;14;57;1;15.15;33.80;54.30;33.13;32.69;33.06;32.94
2022;2;2;14;57;2;15.17;33.80;54.30;33.19;32.69;33.06;32.94
2022;2;2;14;57;3;15.15;33.80;54.30;33.13;32.69;33.06;32.94
2022;2;2;14;57;4;15.15;33.80;54.20;33.19;32.69;33.06;32.94
2022;2;2;14;57;5;15.15;33.80;54.20;33.19;32.69;33.06;32.94
2022;2;2;14;57;6;15.18;33.80;54.20;33.19;32.69;33.06;32.94
2022;2;2;14;57;7;15.15;33.80;54.00;33.19;32.69;33.06;32.94
2022;2;2;14;57;8;15.18;33.80;54.00;33.13;32.69;33.06;32.94
2022;2;2;14;57;9;15.18;33.80;54.00;33.19;32.75;33.06;32.94
2022;2;2;14;57;10;15.17;33.80;53.90;33.13;32.69;33.06;32.94
2022;2;2;14;57;11;15.18;33.80;53.90;33.13;32.69;33.06;32.94
2022;2;2;14;57;11;15.22;33.80;53.90;33.19;32.69;33.06;32.94
2022;2;2;14;57;12;15.22;33.80;53.80;33.13;32.69;33.06;32.94
2022;2;2;14;57;13;15.21;33.80;53.80;33.19;32.69;33.06;32.94
2022;2;2;14;57;14;15.22;33.80;53.80;33.19;32.69;33.06;32.94
2022;2;2;14;57;15;15.20;33.80;53.80;33.19;32.69;33.06;32.94
2022;2;2;14;57;16;15.15;33.80;53.80;33.13;32.69;33.06;32.94
2022;2;2;14;57;17;15.20;33.80;53.80;33.13;32.69;33.06;32.94
2022;2;2;14;57;18;15.16;33.80;53.80;33.13;32.69;33.06;32.94
2022;2;2;14;57;19;15.16;33.80;53.80;33.13;32.69;33.06;32.94
2022;2;2;14;57;20;15.21;33.80;53.80;33.13;32.69;33.06;32.94
2022;2;2;14;57;21;15.25;33.80;53.90;33.13;32.69;33.06;32.94
2022;2;2;14;57;22;15.23;33.80;53.90;33.19;32.69;33.06;32.94
2022;2;2;14;57;22;15.23;33.80;53.90;33.13;32.69;33.06;32.94
2022;2;2;14;57;23;15.23;33.80;53.90;33.19;32.69;33.06;32.94
2022;2;2;14;57;24;15.23;33.80;53.90;33.19;32.69;33.06;32.94
2022;2;2;14;57;25;15.23;33.80;53.90;33.13;32.69;33.06;32.94
2022;2;2;14;57;26;15.24;33.80;54.00;33.13;32.69;33.06;32.94
2022;2;2;14;57;27;15.21;33.80;54.00;33.13;32.69;33.06;32.94
2022;2;2;14;57;28;15.23;33.80;54.00;33.13;32.69;33.06;32.94
2022;2;2;14;57;29;15.22;33.80;54.20;33.13;32.69;33.06;32.94
2022;2;2;14;57;30;15.21;33.80;54.20;33.13;32.69;33.06;32.94
2022;2;2;14;57;31;15.22;33.80;54.20;33.13;32.69;33.06;32.94
2022;2;2;14;57;32;15.22;33.80;54.40;33.13;32.69;33.06;32.94
2022;2;2;14;57;33;15.21;33.80;54.40;33.13;32.69;33.06;32.94
2022;2;2;14;57;33;15.22;33.80;54.40;33.13;32.69;33.06;32.94
2022;2;2;14;57;34;15.21;33.80;54.60;33.13;32.69;33.06;32.94
2022;2;2;14;57;35;15.26;33.80;54.60;33.13;32.69;33.06;32.94
2022;2;2;14;57;36;15.19;33.80;54.60;33.13;32.69;33.06;32.94
2022;2;2;14;57;37;15.20;33.90;54.60;33.13;32.69;33.06;32.94
2022;2;2;14;57;38;15.20;33.90;54.60;33.13;32.69;33.06;32.94
2022;2;2;14;57;39;15.19;33.90;54.60;33.13;32.69;33.06;32.94
2022;2;2;14;57;40;15.24;33.80;54.50;33.13;32.69;33.06;32.94
2022;2;2;14;57;41;15.16;33.80;54.50;33.13;32.69;33.06;32.94
2022;2;2;14;57;42;15.19;33.80;54.50;33.13;32.69;33.06;32.94
2022;2;2;14;57;43;15.23;33.80;54.40;33.13;32.69;33.06;32.94
2022;2;2;14;57;44;15.16;33.80;54.40;33.13;32.69;33.06;32.94
2022;2;2;14;57;44;15.11;33.80;54.40;33.13;32.69;33.06;32.94
2022;2;2;14;57;45;15.22;33.80;54.30;33.13;32.69;33.06;32.94
2022;2;2;14;57;46;15.13;33.80;54.30;33.13;32.69;33.06;32.94
2022;2;2;14;57;47;15.16;33.80;54.30;33.13;32.69;33.06;32.94
2022;2;2;14;57;48;15.22;33.80;54.20;33.13;32.69;33.06;32.94
2022;2;2;14;57;49;15.21;33.80;54.20;33.13;32.69;33.06;32.94
2022;2;2;14;58;1;15.18;33.80;54.20;33.06;32.63;33.00;32.88
2022;2;2;14;58;2;15.20;33.80;54.20;33.06;32.63;33.00;32.88
2022;2;2;14;58;2;15.21;33.80;54.20;33.06;32.63;33.00;32.88
2022;2;2;14;58;3;15.21;33.80;54.10;33.06;32.63;33.00;32.88
2022;2;2;14;58;4;15.22;33.80;54.10;33.06;32.63;33.00;32.88
2022;2;2;14;58;5;15.23;33.80;54.10;33.13;32.69;33.00;32.88
2022;2;2;14;58;6;15.25;33.80;54.10;33.13;32.63;33.00;32.88
2022;2;2;14;58;7;15.26;33.80;54.10;33.06;32.69;33.00;32.88
2022;2;2;14;58;8;15.29;33.80;54.10;33.13;32.69;33.00;32.88
2022;2;2;14;58;9;15.32;33.80;54.10;33.13;32.63;33.00;32.88
2022;2;2;14;58;9;15.35;33.80;54.10;33.13;32.69;33.00;32.88
2022;2;2;14;58;10;15.37;33.80;54.10;33.06;32.69;33.00;32.88
2022;2;2;14;58;11;15.38;33.80;54.10;33.13;32.69;33.00;32.88
2022;2;2;14;58;12;15.39;33.80;54.10;33.13;32.69;33.00;32.88
2022;2;2;14;58;13;15.39;33.80;54.10;33.06;32.69;33.00;32.88
2022;2;2;14;58;14;15.38;33.80;54.10;33.13;32.69;33.00;32.88
2022;2;2;14;58;15;15.38;33.80;54.10;33.13;32.63;33.00;32.94
2022;2;2;14;58;15;15.38;33.80;54.10;33.06;32.69;33.00;32.88
2022;2;2;14;58;16;15.37;33.80;54.10;33.13;32.69;33.00;32.88
2022;2;2;14;58;17;15.36;33.80;54.10;33.13;32.69;33.00;32.88
2022;2;2;14;58;18;15.36;33.80;54.10;33.13;32.63;33.00;32.88
2022;2;2;14;58;19;15.35;33.80;54.20;33.13;32.63;33.00;32.88
2022;2;2;14;58;20;15.35;33.80;54.20;33.13;32.63;33.00;32.88
2022;2;2;14;58;21;15.34;33.80;54.20;33.13;32.69;33.00;32.88
2022;2;2;14;58;22;15.34;33.80;54.20;33.13;32.69;33.00;32.88
2022;2;2;14;58;22;15.34;33.80;54.20;33.13;32.69;33.00;32.88
2022;2;2;14;58;23;15.34;33.80;54.20;33.13;32.69;33.00;32.88
2022;2;2;14;58;24;15.34;33.80;54.30;33.13;32.69;33.00;32.88
2022;2;2;14;58;25;15.35;33.80;54.30;33.13;32.69;33.00;32.88
2022;2;2;14;58;26;15.35;33.80;54.30;33.13;32.69;33.00;32.88
2022;2;2;14;58;27;15.36;33.80;54.20;33.13;32.63;33.00;32.88
2022;2;2;14;58;28;15.37;33.80;54.20;33.13;32.63;33.00;32.88
2022;2;2;14;58;29;15.38;33.80;54.20;33.13;32.63;33.00;32.88
2022;2;2;14;58;29;15.39;33.80;54.20;33.13;32.69;33.00;32.88
2022;2;2;14;58;30;15.39;33.80;54.20;33.13;32.69;33.00;32.88
2022;2;2;14;58;31;15.40;33.80;54.20;33.13;32.63;33.00;32.88
2022;2;2;14;58;32;15.40;33.80;54.30;33.13;32.69;33.00;32.88
2022;2;2;14;58;33;15.41;33.80;54.30;33.13;32.69;33.00;32.88
2022;2;2;14;58;34;15.41;33.80;54.30;33.13;32.69;33.00;32.88
2022;2;2;14;58;35;15.41;33.90;54.50;33.13;32.69;33.00;32.88
2022;2;2;14;58;35;15.43;33.90;54.50;33.13;32.69;33.00;32.88
2022;2;2;14;58;36;15.43;33.90;54.50;33.13;32.69;33.00;32.88
2022;2;2;14;58;37;15.43;33.80;54.40;33.13;32.69;33.00;32.88
2022;2;2;14;58;38;15.43;33.80;54.40;33.13;32.69;33.00;32.88
2022;2;2;14;58;39;15.43;33.80;54.40;33.13;32.69;33.00;32.88
2022;2;2;14;58;40;15.43;33.80;54.40;33.13;32.69;33.00;32.88
2022;2;2;14;58;41;15.43;33.80;54.40;33.13;32.69;33.00;32.88
2022;2;2;14;58;42;15.43;33.80;54.40;33.13;32.69;33.00;32.88
2022;2;2;14;58;42;15.44;33.80;54.20;33.13;32.69;33.00;32.88
2022;2;2;14;58;43;15.44;33.80;54.20;33.13;32.69;33.00;32.88
2022;2;2;14;58;44;15.44;33.80;54.20;33.13;32.69;33.00;32.88
2022;2;2;14;58;45;15.44;33.80;54.30;33.13;32.69;33.00;32.88
2022;2;2;14;58;46;15.44;33.80;54.30;33.13;32.69;33.00;32.88
2022;2;2;14;58;47;15.44;33.80;54.30;33.13;32.69;33.00;32.88
2022;2;2;14;58;48;15.44;33.80;55.10;33.13;32.69;33.00;32.88
2022;2;2;14;58;48;15.43;33.80;55.10;33.13;32.63;33.00;32.88
2022;2;2;14;58;49;15.41;33.80;55.10;33.13;32.69;33.00;32.88
2022;2;2;14;58;50;15.38;33.80;55.40;33.13;32.69;33.00;32.88
2022;2;2;14;58;51;15.33;33.80;55.40;33.13;32.69;33.00;32.88
2022;2;2;14;58;52;15.28;33.80;55.40;33.13;32.63;33.00;32.88
2022;2;2;14;58;53;15.24;33.80;55.80;33.13;32.63;33.00;32.88
2022;2;2;14;58;54;15.22;33.80;55.80;33.13;32.69;33.00;32.88
2022;2;2;14;58;55;15.21;33.80;55.80;33.13;32.69;33.00;32.88
2022;2;2;14;58;55;15.21;33.80;55.90;33.13;32.69;33.00;32.88
2022;2;2;14;58;56;15.23;33.80;55.90;33.13;32.69;33.00;32.88
2022;2;2;14;58;57;15.25;33.80;55.90;33.13;32.69;33.00;32.88
2022;2;2;14;58;58;15.27;33.80;55.70;33.13;32.63;33.00;32.88
2022;2;2;14;58;59;15.29;33.80;55.70;33.13;32.63;33.00;32.88
2022;2;2;14;59;0;15.29;33.80;55.70;33.13;32.63;33.00;32.88
2022;2;2;14;59;1;15.29;33.80;55.10;33.13;32.63;33.00;32.88
2022;2;2;14;59;2;15.28;33.80;55.10;33.13;32.63;33.00;32.88
2022;2;2;14;59;2;15.27;33.80;55.10;33.13;32.63;33.00;32.88
2022;2;2;14;59;3;15.26;33.80;54.50;33.13;32.69;33.00;32.88
2022;2;2;14;59;4;15.26;33.80;54.50;33.06;32.69;33.00;32.88
2022;2;2;14;59;5;15.25;33.80;54.50;33.13;32.69;33.00;32.88
2022;2;2;14;59;6;15.24;33.70;54.20;33.06;32.63;33.00;32.88
2022;2;2;14;59;7;15.22;33.70;54.20;33.06;32.69;33.00;32.88
2022;2;2;14;59;8;15.20;33.70;54.20;33.06;32.69;33.00;32.88
2022;2;2;14;59;8;15.18;33.70;54.20;33.13;32.63;33.00;32.88
2022;2;2;14;59;9;15.16;33.70;54.20;33.06;32.63;33.00;32.88
2022;2;2;14;59;10;15.15;33.70;54.20;33.06;32.63;33.00;32.88
2022;2;2;14;59;11;15.14;33.70;54.20;33.06;32.69;33.00;32.88
2022;2;2;14;59;12;15.14;33.70;54.20;33.06;32.63;33.00;32.88
2022;2;2;14;59;13;15.14;33.70;54.20;33.06;32.63;33.00;32.88
2022;2;2;14;59;14;15.14;33.70;54.30;33.06;32.63;33.00;32.88
2022;2;2;14;59;15;15.14;33.70;54.30;33.13;32.63;33.00;32.88
2022;2;2;14;59;15;15.14;33.70;54.30;33.06;32.63;33.00;32.88
2022;2;2;14;59;16;15.13;33.70;54.30;33.06;32.63;33.00;32.88
2022;2;2;14;59;17;15.13;33.70;54.30;33.06;32.69;33.00;32.88
2022;2;2;14;59;18;15.13;33.70;54.30;33.06;32.69;33.00;32.88
2022;2;2;14;59;19;15.13;33.60;54.30;33.06;32.63;33.00;32.88
2022;2;2;14;59;20;15.13;33.60;54.30;33.06;32.69;33.00;32.88
2022;2;2;14;59;21;15.13;33.60;54.30;33.13;32.63;33.00;32.88
2022;2;2;14;59;22;15.13;33.70;54.30;33.13;32.63;33.00;32.88
2022;2;2;14;59;22;15.13;33.70;54.30;33.06;32.63;33.00;32.88
2022;2;2;14;59;23;15.13;33.70;54.30;33.06;32.69;33.00;32.88
2022;2;2;14;59;24;15.13;33.70;54.50;33.06;32.63;33.00;32.88
2022;2;2;14;59;25;15.13;33.70;54.50;33.06;32.63;33.00;32.88
2022;2;2;14;59;26;15.13;33.70;54.50;33.13;32.63;33.00;32.88
2022;2;2;14;59;27;15.12;33.70;54.50;33.06;32.63;33.00;32.88
2022;2;2;14;59;28;15.12;33.70;54.50;33.06;32.69;33.00;32.88
2022;2;2;14;59;28;15.13;33.70;54.50;33.06;32.69;33.00;32.88
2022;2;2;14;59;29;15.12;33.70;54.50;33.13;32.63;33.00;32.88
2022;2;2;14;59;30;15.13;33.70;54.50;33.06;32.63;33.00;32.88
2022;2;2;14;59;31;15.12;33.70;54.50;33.13;32.63;33.00;32.88
2022;2;2;14;59;32;15.12;33.70;54.50;33.06;32.63;33.00;32.88
2022;2;2;14;59;33;15.12;33.70;54.50;33.06;32.69;33.00;32.88
2022;2;2;14;59;34;15.12;33.70;54.50;33.06;32.63;33.00;32.88
2022;2;2;14;59;35;15.11;33.70;54.50;33.06;32.63;33.00;32.88
2022;2;2;14;59;35;15.11;33.70;54.50;33.06;32.63;33.00;32.88
2022;2;2;14;59;36;15.11;33.70;54.50;33.13;32.69;33.00;32.88
2022;2;2;14;59;37;15.11;33.70;54.50;33.13;32.63;33.00;32.88
2022;2;2;14;59;38;15.11;33.70;54.50;33.06;32.63;33.00;32.88
2022;2;2;14;59;39;15.11;33.70;54.50;33.06;32.63;33.00;32.88
2022;2;2;14;59;40;15.11;33.70;54.50;33.06;32.63;33.00;32.88
2022;2;2;14;59;41;15.11;33.70;54.50;33.06;32.63;33.00;32.88
2022;2;2;14;59;41;15.11;33.70;54.50;33.06;32.63;32.94;32.88
2022;2;2;14;59;42;15.11;33.70;54.40;33.06;32.69;33.00;32.88
2022;2;2;14;59;43;15.11;33.70;54.40;33.06;32.63;33.00;32.88
2022;2;2;14;59;44;15.11;33.70;54.40;33.06;32.63;33.00;32.88
2022;2;2;14;59;45;15.12;33.70;54.40;33.06;32.63;33.00;32.88
2022;2;2;14;59;46;15.12;33.70;54.40;33.13;32.63;32.94;32.88
2022;2;2;14;59;47;15.12;33.70;54.40;33.13;32.63;32.94;32.88
2022;2;2;14;59;48;15.12;33.60;54.30;33.06;32.69;32.94;32.88
2022;2;2;14;59;48;15.13;33.60;54.30;33.06;32.63;33.00;32.88
2022;2;2;14;59;49;15.13;33.60;54.30;33.06;32.69;33.00;32.88
2022;2;2;14;59;50;15.13;33.60;54.40;33.06;32.63;33.00;32.88
2022;2;2;14;59;51;15.14;33.60;54.40;33.06;32.63;32.94;32.88
2022;2;2;14;59;52;15.15;33.60;54.40;33.06;32.63;33.00;32.88
2022;2;2;14;59;53;15.15;33.70;54.40;33.06;32.63;32.94;32.88
2022;2;2;14;59;54;15.16;33.70;54.40;33.06;32.63;32.94;32.88
2022;2;2;14;59;55;15.16;33.70;54.40;33.13;32.63;32.94;32.88
2022;2;2;14;59;55;15.16;33.70;54.40;33.06;32.63;32.94;32.88
2022;2;2;14;59;56;14.99;33.70;54.40;33.06;32.63;33.00;32.88
2022;2;2;14;59;57;14.99;33.70;54.40;33.06;32.63;32.94;32.88
2022;2;2;14;59;58;15.01;33.70;54.50;33.06;32.63;32.94;32.88
2022;2;2;14;59;59;15.01;33.70;54.50;33.06;32.63;33.00;32.88
2022;2;2;15;0;0;15.01;33.70;54.50;33.06;32.63;32.94;32.88
2022;2;2;15;0;1;15.01;33.70;54.50;33.06;32.63;32.94;32.88
2022;2;2;15;0;1;15.00;33.70;54.50;33.06;32.63;32.94;32.88
2022;2;2;15;0;2;15.00;33.70;54.50;33.06;32.63;32.94;32.88
2022;2;2;15;0;3;14.99;33.60;54.50;33.06;32.63;32.94;32.88
2022;2;2;15;0;4;14.98;33.60;54.50;33.06;32.63;32.94;32.88
2022;2;2;15;0;5;14.98;33.60;54.50;33.06;32.63;32.94;32.88
2022;2;2;15;0;6;14.97;33.70;54.50;33.06;32.63;32.94;32.88
2022;2;2;15;0;7;14.97;33.70;54.50;33.06;32.63;32.94;32.88
2022;2;2;15;0;8;14.96;33.70;54.50;33.06;32.69;33.00;32.88
2022;2;2;15;0;8;14.96;33.70;54.40;33.06;32.63;32.94;32.88
2022;2;2;15;0;9;14.96;33.70;54.40;33.06;32.63;33.00;32.88
2022;2;2;15;0;10;14.97;33.70;54.40;33.06;32.63;32.94;32.88
2022;2;2;15;0;11;14.97;33.70;54.50;33.06;32.63;32.94;32.88
2022;2;2;15;0;12;14.98;33.70;54.50;33.06;32.63;32.94;32.88
2022;2;2;15;0;13;14.98;33.70;54.50;33.06;32.63;32.94;32.88
2022;2;2;15;0;14;14.99;33.70;54.50;33.06;32.69;32.94;32.88
2022;2;2;15;0;15;14.99;33.70;54.50;33.06;32.69;32.94;32.81
2022;2;2;15;0;15;15.00;33.70;54.50;33.06;32.63;32.94;32.81
2022;2;2;15;0;16;15.01;33.70;54.50;33.06;32.63;32.94;32.81
2022;2;2;15;0;17;15.01;33.70;54.50;33.06;32.63;32.94;32.81
2022;2;2;15;0;18;15.01;33.70;54.50;33.06;32.63;32.94;32.81
2022;2;2;15;0;19;15.01;33.70;54.50;33.06;32.63;32.94;32.81
2022;2;2;15;0;20;15.00;33.70;54.50;33.06;32.63;32.94;32.88
2022;2;2;15;0;21;15.00;33.70;54.50;33.06;32.63;32.94;32.81
2022;2;2;15;0;21;15.01;33.70;54.60;33.06;32.63;32.94;32.81
2022;2;2;15;0;22;15.01;33.70;54.60;33.06;32.63;32.94;32.81
2022;2;2;15;0;23;15.01;33.70;54.60;33.06;32.63;32.94;32.81
2022;2;2;15;0;24;15.02;33.70;54.60;33.06;32.63;32.94;32.81
2022;2;2;15;0;25;15.03;33.70;54.60;33.06;32.63;32.94;32.88
2022;2;2;15;0;26;15.03;33.70;54.60;33.06;32.63;32.94;32.81
2022;2;2;15;0;27;15.03;33.70;54.60;33.06;32.63;32.94;32.81
2022;2;2;15;0;28;15.04;33.70;54.60;33.06;32.63;32.94;32.81
2022;2;2;15;0;28;15.05;33.70;54.60;33.06;32.63;32.94;32.81
2022;2;2;15;0;29;15.06;33.70;54.60;33.06;32.63;32.94;32.81
2022;2;2;15;0;30;15.08;33.70;54.60;33.06;32.63;32.94;32.81
2022;2;2;15;0;31;15.10;33.70;54.60;33.06;32.63;32.94;32.88
2022;2;2;15;0;32;15.12;33.70;54.70;33.06;32.63;32.94;32.88
2022;2;2;15;0;33;15.14;33.70;54.70;33.06;32.63;32.94;32.81
2022;2;2;15;0;34;15.16;33.70;54.70;33.06;32.63;32.94;32.88
2022;2;2;15;0;35;15.17;33.70;54.80;33.06;32.63;32.94;32.81
2022;2;2;15;0;35;15.17;33.70;54.80;33.06;32.63;32.94;32.81
2022;2;2;15;0;36;15.17;33.70;54.80;33.06;32.63;32.94;32.81
2022;2;2;15;0;37;15.16;33.70;54.90;33.06;32.63;32.94;32.81
2022;2;2;15;0;38;15.16;33.70;54.90;33.06;32.63;32.94;32.81
2022;2;2;15;0;39;15.17;33.70;54.90;33.06;32.63;32.94;32.81
2022;2;2;15;0;40;15.19;33.60;54.90;33.06;32.63;32.94;32.81
2022;2;2;15;0;41;15.21;33.60;54.90;33.06;32.63;32.94;32.81
2022;2;2;15;0;41;15.22;33.60;54.90;33.06;32.63;32.94;32.81
2022;2;2;15;0;42;15.24;33.60;54.90;33.06;32.63;32.94;32.81
2022;2;2;15;0;43;15.26;33.60;54.90;33.06;32.63;32.94;32.81
2022;2;2;15;0;44;15.26;33.60;54.90;33.06;32.63;32.94;32.81
2022;2;2;15;0;45;15.27;33.70;54.90;33.06;32.63;32.94;32.81
2022;2;2;15;0;46;15.26;33.70;54.90;33.06;32.63;32.94;32.81
2022;2;2;15;0;47;15.26;33.70;54.90;33.06;32.63;32.94;32.81
2022;2;2;15;0;48;15.24;33.70;54.90;33.06;32.63;32.94;32.81
2022;2;2;15;0;48;15.24;33.70;54.90;33.06;32.63;32.94;32.81
2022;2;2;15;0;49;15.24;33.70;54.90;33.06;32.63;32.94;32.81
2022;2;2;15;0;50;15.24;33.70;54.80;33.06;32.63;32.94;32.81
2022;2;2;15;0;51;15.24;33.70;54.80;33.06;32.63;32.94;32.81
2022;2;2;15;0;52;15.25;33.70;54.80;33.06;32.63;32.94;32.81
2022;2;2;15;0;53;15.26;33.70;54.80;33.06;32.63;32.94;32.81
2022;2;2;15;0;54;15.27;33.70;54.80;33.06;32.63;32.94;32.81
2022;2;2;15;0;55;15.28;33.70;54.80;33.06;32.63;32.94;32.81
2022;2;2;15;0;55;15.29;33.70;54.70;33.06;32.63;32.94;32.81
2022;2;2;15;0;56;15.30;33.70;54.70;33.06;32.63;32.94;32.81
2022;2;2;15;0;57;15.31;33.70;54.70;33.06;32.63;32.94;32.81
2022;2;2;15;0;58;15.32;33.60;54.60;33.06;32.63;32.94;32.81
2022;2;2;15;0;59;15.33;33.60;54.60;33.06;32.63;32.94;32.81
2022;2;2;15;1;0;15.34;33.60;54.60;33.06;32.63;32.94;32.81
2022;2;2;15;1;1;15.35;33.70;54.60;33.06;32.63;32.94;32.81
2022;2;2;15;1;1;15.36;33.70;54.60;33.06;32.63;32.94;32.81
2022;2;2;15;1;2;15.38;33.70;54.60;33.06;32.63;32.94;32.81
2022;2;2;15;1;3;15.38;33.70;54.70;33.06;32.63;32.94;32.81
2022;2;2;15;1;4;15.39;33.70;54.70;33.06;32.63;32.94;32.81
2022;2;2;15;1;5;15.39;33.70;54.70;33.06;32.63;32.94;32.81
2022;2;2;15;1;6;15.39;33.70;54.70;33.06;32.63;32.94;32.81
2022;2;2;15;1;7;15.40;33.70;54.70;33.06;32.63;32.94;32.81
2022;2;2;15;1;8;15.40;33.70;54.70;33.06;32.63;32.94;32.81
2022;2;2;15;1;8;15.41;33.70;54.70;33.06;32.63;32.94;32.81
2022;2;2;15;1;9;15.41;33.70;54.70;33.06;32.63;32.94;32.81
2022;2;2;15;1;10;15.42;33.70;54.70;33.06;32.63;32.94;32.81
2022;2;2;15;1;11;15.41;33.70;54.80;33.06;32.63;32.94;32.81
2022;2;2;15;1;12;15.42;33.70;54.80;33.06;32.63;32.94;32.81
2022;2;2;15;1;13;15.42;33.70;54.80;33.06;32.63;32.94;32.81
2022;2;2;15;1;14;15.41;33.70;54.90;33.06;32.63;32.94;32.81
2022;2;2;15;1;15;15.41;33.70;54.90;33.06;32.63;32.94;32.81
2022;2;2;15;1;15;15.41;33.70;54.90;33.06;32.63;32.94;32.81
2022;2;2;15;1;16;15.41;33.70;55.10;33.06;32.63;32.94;32.81
2022;2;2;15;1;17;15.42;33.70;55.10;33.06;32.63;32.94;32.81
2022;2;2;15;1;18;15.42;33.70;55.10;33.06;32.63;32.94;32.81
2022;2;2;15;1;19;15.43;33.70;55.20;33.06;32.63;32.94;32.81
2022;2;2;15;1;20;15.43;33.70;55.20;33.06;32.63;32.94;32.81
2022;2;2;15;1;21;15.42;33.70;55.20;33.06;32.63;32.94;32.81
2022;2;2;15;1;21;15.42;33.70;55.20;33.06;32.63;32.94;32.81
2022;2;2;15;1;22;15.43;33.70;55.20;33.06;32.63;32.94;32.81
2022;2;2;15;1;23;15.43;33.70;55.20;33.06;32.63;32.94;32.81
2022;2;2;15;1;24;15.43;33.70;55.10;33.06;32.63;32.94;32.81
2022;2;2;15;1;25;15.44;33.70;55.10;33.06;32.63;32.94;32.81
2022;2;2;15;1;26;15.44;33.70;55.10;33.00;32.63;32.94;32.81
2022;2;2;15;1;27;15.43;33.70;55.00;33.00;32.63;32.94;32.81
2022;2;2;15;1;28;15.44;33.70;55.00;33.06;32.63;32.94;32.81
2022;2;2;15;1;28;15.44;33.70;55.00;33.00;32.63;32.94;32.81
2022;2;2;15;1;29;15.44;33.70;55.00;33.00;32.63;32.94;32.81
2022;2;2;15;1;30;15.43;33.70;55.00;33.06;32.63;32.94;32.81
2022;2;2;15;1;31;15.43;33.70;55.00;33.00;32.63;32.94;32.81
2022;2;2;15;1;43;15.31;33.70;54.50;32.94;32.56;32.88;32.75
2022;2;2;15;1;44;15.32;33.70;54.50;32.94;32.56;32.88;32.75
2022;2;2;15;1;45;15.33;33.70;54.50;32.94;32.56;32.88;32.75
2022;2;2;15;1;46;15.33;33.60;54.90;33.00;32.56;32.88;32.75
2022;2;2;15;1;47;15.34;33.60;54.90;33.00;32.56;32.88;32.75
2022;2;2;15;1;48;15.34;33.60;54.90;33.00;32.56;32.88;32.75
2022;2;2;15;1;49;15.35;33.60;54.80;33.00;32.56;32.88;32.81
2022;2;2;15;1;50;15.36;33.60;54.80;32.94;32.63;32.88;32.75
2022;2;2;15;1;50;15.37;33.60;54.80;32.94;32.56;32.88;32.75
2022;2;2;15;1;51;15.38;33.60;55.00;32.94;32.56;32.88;32.81
2022;2;2;15;1;52;15.38;33.60;55.00;32.94;32.56;32.88;32.75
2022;2;2;15;1;53;15.39;33.60;55.00;32.94;32.56;32.88;32.75
2022;2;2;15;1;54;15.38;33.60;55.20;32.94;32.56;32.88;32.81
2022;2;2;15;1;55;15.39;33.60;55.20;32.94;32.56;32.88;32.81
2022;2;2;15;1;56;15.39;33.60;55.20;32.94;32.56;32.88;32.75
2022;2;2;15;1;56;15.39;33.60;55.10;33.00;32.56;32.88;32.81
2022;2;2;15;1;57;15.39;33.60;55.10;32.94;32.56;32.88;32.81
2022;2;2;15;1;58;15.35;33.60;55.10;33.00;32.56;32.88;32.81
2022;2;2;15;1;59;15.35;33.60;54.90;32.94;32.56;32.88;32.81
2022;2;2;15;3;41;15.09;33.60;56.60;32.81;32.44;32.75;32.63
2022;2;2;15;4;26;15.01;33.50;54.90;32.81;32.38;32.75;32.63
2022;2;2;15;5;44;14.95;33.50;56.50;32.69;32.31;32.69;32.56
2022;2;2;15;6;39;14.98;33.40;57.00;32.69;32.31;32.63;32.56
2022;2;2;15;7;59;15.06;33.30;55.20;32.63;32.25;32.63;32.50
2022;2;2;15;9;36;15.30;33.30;55.50;32.56;32.25;32.56;32.50
2022;2;2;15;10;20;14.99;33.30;55.40;32.56;32.19;32.56;32.44
2022;2;2;15;11;4;15.00;33.30;55.70;32.56;32.19;32.50;32.44
2022;2;2;15;12;31;14.38;33.20;55.50;32.44;32.13;32.44;32.31
2022;2;2;15;13;14;14.31;33.10;56.00;32.31;32.06;32.38;32.25
2022;2;2;15;13;57;14.68;33.10;55.50;32.25;32.00;32.25;32.19
2022;2;2;15;14;39;15.15;33.00;56.10;32.25;32.00;32.25;32.13
2022;2;2;15;16;13;15.21;32.90;56.70;32.19;31.94;32.19;32.06
2022;2;2;15;17;29;15.31;32.80;56.30;32.19;32.00;32.19;32.13
2022;2;2;15;18;13;15.24;32.80;57.30;32.25;32.00;32.19;32.13
2022;2;2;15;19;38;14.89;32.90;56.70;32.25;32.00;32.19;32.13
2022;2;2;15;20;21;14.30;32.80;57.20;32.25;32.00;32.19;32.13
2022;2;2;15;21;5;14.23;32.80;57.30;32.13;31.94;32.13;32.06
2022;2;2;15;21;48;14.79;32.80;56.80;32.13;31.94;32.13;32.06
2022;2;2;15;22;28;14.90;32.60;57.60;32.13;31.88;32.06;32.00
2022;2;2;15;23;11;14.86;32.60;57.40;32.13;31.88;32.06;32.00
2022;2;2;15;23;54;14.87;32.60;57.70;32.06;31.88;32.00;32.00
2022;2;2;15;24;37;14.68;32.50;58.10;32.06;31.81;32.00;32.00
2022;2;2;15;25;21;14.39;32.50;57.60;32.06;31.81;32.00;32.00
2022;2;2;15;26;10;14.32;32.50;57.70;32.06;31.81;32.00;31.94
2022;2;2;15;26;53;14.59;32.50;58.40;32.00;31.81;31.94;31.94
2022;2;2;15;28;20;15.10;32.50;57.50;32.00;31.81;31.94;31.94
2022;2;2;15;30;47;15.67;32.50;62.10;32.44;32.50;32.63;32.50
2022;2;2;15;31;33;15.22;32.40;61.10;32.50;32.56;32.63;32.63
2022;2;2;15;32;19;18.03;32.40;61.10;32.56;32.69;32.69;32.69
2022;2;2;15;33;1;17.85;32.60;69.50;32.69;32.88;32.81;32.88
2022;2;2;15;33;52;17.57;33.10;66.80;32.81;33.00;32.94;33.00
2022;2;2;15;34;42;17.56;34.00;60.90;32.94;33.13;33.06;33.13
2022;2;2;15;35;33;17.52;34.90;59.60;33.00;33.19;33.13;33.25
2022;2;2;15;36;23;17.42;35.90;57.60;33.06;33.25;33.19;33.31
2022;2;2;15;37;13;17.19;36.70;53.40;33.00;33.19;33.13;33.25
2022;2;2;15;38;34;17.22;37.80;55.10;32.94;33.13;33.06;33.19
2022;2;2;15;39;39;14.47;38.70;54.60;32.94;33.06;33.00;33.19
2022;2;2;15;41;13;17.19;38.90;45.90;32.94;33.13;33.00;33.19
2022;2;2;15;42;0;15.36;38.80;50.30;32.88;33.06;32.94;33.13
2022;2;6;13;25;56;0.01;29.50;59.30;29.06;28.94;29.00;29.06
2022;2;6;13;26;2;0.02;29.50;59.20;29.06;29.00;29.00;29.00
2022;2;6;13;26;8;0.02;29.50;59.50;29.06;29.00;29.00;29.06
2022;2;6;13;26;14;0.01;29.50;59.30;29.06;29.00;29.00;29.06
2022;2;6;13;26;20;0.01;29.50;59.10;29.06;29.00;29.00;29.06
